5 2 3 10 100
TIMESTAMP 1
Player 1.0000 0/1/1
Head 1
1 1 1 0 0.0000
2 2 2 0 0.0000
3 2 2 0 0.0000
4 3 1 0 0.0000
5 3 1 0 0.0000
6 0 0 0 0.0000
7 0 0 0 0.0000
8 0 0 0 0.0000
9 0 0 0 0.0000
10 0 0 0 0.0000
Head 1
1 1 1 0 0.0000
2 2 2 0 0.0000
3 2 2 0 0.0000
4 3 1 0 0.0000
5 3 1 0 0.0000
6 0 0 0 0.0000
7 0 0 0 0.0000
8 0 0 0 0.0000
9 0 0 0 0.0000
10 0 0 0 0.0000
Head 2
1 1 1 0 0.0000
2 2 2 0 0.0000
3 2 2 0 0.0000
4 3 1 0 0.0000
5 3 1 0 0.0000
6 0 0 0 0.0000
7 0 0 0 0.0000
8 0 0 0 0.0000
9 0 0 0 0.0000
10 0 0 0 0.0000
